1 33639 1104 1243 440 2686
2 555 33171 296 1837 2
3 549 344 4045 562 2356
4 553 1370 65665 4015 704
5 1 5603 300 102686 32797
6 4469 3165 2131 1 5703
7 1940 1243 2 65665 33171
8 945 998 2398 1940 549
9 1744 998 133771 280 1674
10 246 548 1940 1087 363
11 85131 914 562 79139 1903
12 2525 3685 3438 1964 2429
13 1837 5147 65665 6133 6748
14 1 32797 246 1083 3093
15 5710 27544 86911 47952 140751
16 6333 5203 1810 1669 2716
17 5603 998 5480 1176 3429
18 998 414 177 3 1083
19 3820 546 1532 1404 2824
20 5147 357 2 1889 2187
21 1940 153 1169 562 65665
22 5480 562 1370 1812 704
23 1176 1169 344 2883 1020
24 66198 414 562 103 1253
25 66198 89 668 414 998
26 4469 6748 107945 8327 998
27 562 1837 117 300 1274
28 549 1067 232 3114 1085
29 8338 133771 8327 5888 7008
30 2442 963 1077 347 721
31 6748 1069 103 1099 5480
32 10 546 704 148 472
33 347 2539 4699 1940 1549
34 1153 549 153 1083 1694
35 997 1973 1180 8917 1243
36 357 998 562 1083 1006
37 547 1950 1404 498 8261
38 553 1837 562 4520 4405
39 330 19 98607 357 562
40 1083 5147 2356 6244 5703
41 451 6357 2322 3451 6885
42 5447 1123 6748 1940 562
43 344 1837 549 998 553
44 63 414 694 451 1683
45 851 2078 3165 679 5489
46 2356 2155 3264 3545 2539
47 344 549 446 472 562
48 5447 562 6892 288 547
49 246 102278 2688 451 1255
50 472 446 1837 1543 98607
51 2210 1370 2469 3506 1516
52 25744 6790 1095 1583 3578
53 1690 704 1646 998 820
54 72641 8724 113348 7089 69118
55 650 694 414 123 998
56 2356 1404 562 63062 1950
57 1083 1086 548 1277 1973
58 2661 2975 3682 3241 549
59 2356 102686 6748 5447 3475
60 1153 1028 2078 998 5703
61 1 5447 451 3264 555
62 87975 2356 8338 27544 498
63 998 6885 1069 6748 7086
64 10 562 296 357 19
65 1069 228 813 1078 870
66 998 1083 1744 549 1153
67 562 357 63 547 1404
68 5447 34271 2356 357 344
69 6748 347 2356 547 509
70 71 905 414 64 178
71 99468 5203 1067 809 1135
72 998 6748 1083 549 8261
73 87975 47384 27544 49932 52319
74 549 1797 300 4754 2817
75 1083 2469 998 1073 945
76 33750 2808 805 100 2104
77 6748 1566 2891 65665 5147
78 1255 429 5055 25744 562
79 6748 344 472 300 5480
80 1028 296 451 117 998
81 34319 1654 8363 391 5325
82 562 546 19 1 330
83 2546 1404 549 998 1
84 6748 5055 72356 8327 5900
85 65665 446 562 704 509
86 250 998 253 266 1284
87 9 1069 998 63 414
88 5055 3914 1 6748 1083
89 4469 998 1404 6748 553
90 710 998 60 344 451
91 5480 100487 105211 1940 549
92 998 1837 1543 172 33312
93 337 4735 5603 300 451
94 102686 5447 26684 1094 3475
95 1069 1690 998 8261 2356
96 5668 1169 1176 1077 4523
97 246 4469 33587 998 1940
98 6244 546 71438 300 509
99 344 2356 3665 6133 552
100 1028 414 63 98607 1255
101 1940 2546 438 105211 4787
102 3179 2104 3993 2694 955
103 6760 562 7086 4458 4532
104 1083 549 1123 5447 337
105 998 1812 4319 1348 1370
106 5603 4735 5447 8338 3567
107 6333 1837 5703 562 6357
108 296 2 1404 1 562
109 562 704 5147 6133 101076
110 296 414 2 71 562
111 998 549 1674 5603 1348
112 98607 1255 2855 562 694
113 178 472 2916 2691 200
114 65665 296 357 1 546
115 998 1404 325 673 5703
116 998 6748 325 562 1083
117 2839 546 2178 320 102123
118 998 1255 1153 3114 2469
119 2975 3820 941 153 931
120 1073 1145 1348 5603 1185
121 33171 1837 562 446 1404
122 344 429 446 546 501
123 1450 2580 71106 3701 2379
124 102686 4735 549 1940 2546
125 548 5447 1370 1690 546
126 33171 546 19 555 1404
127 546 2 357 354 325
128 554 472 32797 172 6133
129 1839 2028 1837 2903 3093
130 6748 1135 1690 5193 33171
131 290 3564 498 9 4754
132 6349 56587 4296 2716 3593
133 101962 3217 547 112556 62733
134 6748 6885 8261 105211 1255
135 650 108 534 98585 71
136 6748 2356 5447 8261 1348
137 2469 33171 562 33836 451
138 25744 1069 4392 5108 998
139 246 34271 945 2442 1812
140 6748 102686 44301 5480 73042
141 1431 65665 498 357 998
142 562 813 549 1285 2600
143 2883 1812 562 2331 4666
144 553 562 1404 2 1
145 549 429 2 509 330
146 5603 553 4735 2546 549
147 8699 945 1837 8983 5480
148 552 6133 2442 1 5480
149 55276 96110 73042 111795 6244
150 65665 3465 33171 1636 69253
151 1837 1404 1543 704 33312
152 6748 4754 548 498 5480
153 4469 290 562 6133 3699
154 66198 656 71 63 668
155 562 673 4469 1153 4754
156 81784 1163 2078 2188 104218
157 3264 50802 5839 6977 44759
158 79588 8338 78111 105211 4772
159 549 296 1442 6333 6077
160 2178 2094 500 1433 3235
161 19 193 1543 998 1404
162 66198 694 721 1532 998
163 549 5147 998 562 5603
164 102686 5603 5447 1348 998
165 5603 5480 296 1744 555
166 1 7086 6748 3914 998
167 548 1073 2469 357 571
168 296 451 10 1253 330
169 4735 72641 2995 3264 8928
170 3394 2176 4469 6133 78316
171 1185 318 549 820 998
172 553 546 1303 1404 555
173 1069 721 710 656 1028
174 19 438 206 1255 708
175 6133 5603 1303 562 1274
176 85401 277 288 27846 3264
177 246 344 472 193 549
178 1163 547 5108 42004 941
179 44301 6748 102686 8661 2855
180 1163 1837 1404 945 1394
181 5147 4469 105211 2331 77201
182 694 33171 547 1543 54
183 998 1083 2078 1837 8866
184 10 562 1404 2 65665
185 451 562 5147 472 32797
186 5710 8261 6748 73042 7454
187 571 562 4392 19 5055
188 33171 1837 1543 562 5308
189 998 1129 2546 2539 1370
190 2131 1 2883 2752 562
191 562 357 446 296 546
192 65665 10 1404 704 1
193 945 1837 2972 1086 1201
194 10 509 2 1837 1404
195 2469 1963 836 2699 504
196 2735 1863 36527 2215 3596
197 451 1258 1153 998 1163
198 673 5480 6748 1080 34608
199 4676 998 42734 5193 5993
200 142422 562 5447 546 112303
201 998 549 2356 5703 1837
202 246 562 2524 3492 3490
203 1086 8338 835 1176 8327
204 153 232 1006 1812 3426
205 8933 277 288 44301 998
206 548 246 1940 2469 1255
207 998 105769 98961 69406 133377
208 325 55276 5703 96863 1094
209 66198 694 350 492 9
210 1 5900 153 555 1370
211 721 710 344 1837 668
212 6335 998 296 6357 1069
213 50802 97225 57430 7845 55684
214 1153 1925 1683 296 668
215 998 1069 1099 1169 1837
216 5857 1083 3914 2546 1185
217 5603 2699 33836 1348 102686
218 1083 998 835 45000 66686
219 344 5480 546 6748 553
220 998 344 360 546 1837
221 1810 1690 412 33312 99
222 7802 2775 1722 4491 3061
223 998 89 414 1083 1069
224 549 296 250 344 1284
225 357 1404 1 19 10
226 1513 8338 5193 80219 8838
227 1858 2793 160 1597 1127
228 1153 438 998 2546 1123
229 1104 1722 3120 8640 820
230 998 87975 111795 4471 96863
231 998 548 767 1105 1087
232 344 1073 153 1722 2845
233 71 710 656 998 280
234 300 34271 344 5447 2
235 5603 193 5447 710 102686
236 7139 1176 6370 1077 5026
237 4469 998 6133 1243 2356
238 48744 6244 5193 8938 87975
239 1 1163 344 1812 1797
240 344 998 7086 4469 548
241 19 555 547 1404 10
242 3820 2469 100017 33171 1413
243 549 6748 562 2546 7086
244 6357 549 1 1255 7086
245 300 1744 65665 5147 5603
246 704 103 998 344 1950
247 998 1348 98607 344 65665
248 5147 1837 549 548 246
249 546 65665 2 19 296
250 5480 6748 6335 5108 63276
251 26684 300 73042 4392 549
252 1069 71 1094 63 414
253 6748 2356 998 102686 2469
254 344 10 1897 998 938
255 2356 25744 34271 1176 8338
256 66198 721 694 998 280
257 112850 277 85401 288 1083
258 767 1099 99296 2678 998
259 1744 66686 100159 1069 55
260 300 65665 1163 325 296
261 347 668 998 1083 5900
262 1153 6579 1837 2356 1499
263 65665 1135 546 2546 1285
264 451 555 1837 1674 1804
265 1046 1077 1094 1433 66686
266 1404 10 555 509 1543
267 562 1083 1069 5703 2356
268 549 105211 87975 571 1094
269 2972 1135 2339 1826 2817
270 26655 26684 27544 2995 89388
271 4735 102686 2469 5480 1940
272 89388 1069 5147 998 7086
273 44301 6885 6333 2398 33836
274 5784 1810 998 165 33903
275 998 300 42163 549 2
276 2302 1822 2253 3391 762
277 1069 1123 549 117529 5900
278 2712 835 4444 4296 3855
279 193 1837 1543 1404 325
280 1083 1950 1135 1532 567
281 998 357 1094 1069 103
282 2356 562 1940 1153 1370
283 6748 5193 998 69 1150
284 71 414 178 668 98607
285 2469 65665 2855 347 3391
286 337 2975 1959 133645 549
287 5447 6748 87975 127206 50245
288 546 1837 562 1404 98607
289 2076 3688 1175 6244 129
290 1243 3567 1909 33171 6748
291 1069 1940 5603 102686 246
292 998 1370 6748 33836 4754
293 6748 6133 2356 5480 300
294 296 1957 34164 876 635
295 1153 546 19 1073 1
296 6748 553 5480 344 98961
297 3241 6811 1185 1069 6579
298 5147 7454 288 85401 1123
299 2553 467 1507 4600 363
300 549 1069 1940 704 998
301 83910 81054 42009 56782 8583
302 931 357 1897 1404 492
303 1185 451 1083 548 344
304 8981 8983 549 25744 998
305 290 357 1105 468 10
306 1135 193 347 1103 2193
307 1094 8640 5703 107945 3120
308 19 66198 725 2 621
309 2356 1083 998 102686 3914
310 520 2974 492 55 1135
311 2469 2093 4224 4898 1690
312 1135 344 33171 3189 19
313 5447 704 3465 77201 3406
314 1083 1940 998 548 5108
315 498 228 3241 2892 3432
316 6748 2398 50802 5447 8921
317 10 357 33171 344 546
318 414 721 248 64 101
319 549 357 10 33171 65665
320 87975 5480 6748 25744 1837
321 2339 1135 673 344 1173
322 4080 3032 3246 496 3114
323 1094 721 1837 5193 4441
324 6748 6885 6133 553 5470
325 38 1258 1201 133545 84
326 246 1169 33836 2469 1940
327 1083 1404 998 1255 1744
328 998 549 4392 1083 5603
329 1069 414 98607 694 1255
330 2712 344 549 250 547
331 1837 7084 146 45000 2990
332 7099 73587 5203 2750 513
333 51418 6335 34271 7086 71438
334 5108 6333 2855 1094 80906
335 1169 3114 1094 2839 2808
336 2845 1176 1077 1083 1069
337 1255 1083 1123 296 1087
338 546 1837 562 1404 360
339 4469 549 1810 105211 3696
340 6133 3686 553 547 1940
341 3221 5414 3008 1633 4768
342 289 33750 549 1083 2694
343 1069 668 1028 998 1094
344 562 10 65665 1940 1404
345 6748 998 1940 1094 5603
346 1185 6748 1153 44301 102686
347 1073 1094 4754 1837 96150
348 1208 562 581 3274 2339
349 562 3686 2551 2171 34319
350 1370 5147 8261 65665 1810
351 1094 1153 3820 809 451
352 1083 1185 85401 277 288
353 1744 72641 562 6820 1348
354 10 65665 931 33171 704
355 562 98607 1690 546 3957
356 130 2793 1597 318 2165
357 1028 347 232 2855 1404
358 1135 1690 998 2681 2845
359 290 3724 1094 1837 553
360 548 1153 1087 2901 1285
361 1069 89 414 998 1094
362 102686 6748 1370 1094 562
363 2469 1077 2855 5308 835
364 11 89388 1404 320 1580
365 5147 77201 2442 6885 4735
366 5447 6748 3914 4735 26684
367 1083 2546 2398 998 3699
368 1087 1083 4754 1069 2839
369 1837 1543 1404 1 704
370 8261 1837 998 66066 2244
371 5603 4787 549 51698 109205
372 546 320 824 869 357
373 1083 1086 1490 1499 1080
374 1987 69253 7086 246 2398
375 562 446 998 1285 555
376 33587 3114 1169 1176 1077
377 547 344 336 8666 74452
378 1837 27555 81784 72356 6244
379 549 562 77201 102686 72641
380 110826 998 2995 55444 65193
381 344 721 1690 1 546
382 5447 1580 914 3438 8666
383 549 1069 998 1083 414
384 7086 102686 1073 1646 998
385 998 2 1543 1837 704
386 2028 3617 1837 2659 2131
387 832 1080 1100 1085 3223
388 360 193 172 2972 8853
389 446 357 344 472 429
390 98607 414 998 694 555
391 356 891 1837 33587 1006
392 2356 8338 5703 363 8327
393 3960 5445 2294 1583 99117
394 5480 8261 4735 5603 998
395 1069 1255 4754 8261 34435
396 357 66198 1404 153 1683
397 7454 288 85401 1123 277
398 1185 1201 246 2410 99296
399 562 357 330 165 553
400 931 998 1837 1404 2
401 1073 344 2855 767 451
402 5447 73042 4392 102686 60135
403 562 945 1124 2539 1792
404 1094 451 1690 5603 1073
405 65665 451 830 3438 300
406 85401 277 288 5147 1123
407 1135 8261 44301 6748 3564
408 248 668 172 2659 451
409 1284 10 357 1292 2855
410 6133 77201 998 549 1069
411 998 1837 2805 2874 341
412 1690 553 721 32797 1541
413 721 414 98607 1255 193
414 767 1086 1169 3880 858
415 357 2 446 546 344
416 296 2 245 205 89
417 5447 8261 65665 1163 998
418 102686 44301 300 111624 546
419 5480 3914 4735 5447 5147
420 2316 246 1940 824 869
421 10 546 193 555 446
422 546 1744 1094 998 2328
423 246 7454 288 2546 85401
424 2972 1208 2975 1598 2339
425 6748 2356 998 1348 1185
426 451 105211 34271 472 3093
427 102686 4699 3963 3467 2716
428 2356 300 87975 2546 44301
429 2441 1484 562 1285 2208
430 5710 193 33171 357 1940
431 549 767 2469 77201 1940
432 5147 1094 4469 562 549
433 6748 5447 1083 1094 998
434 1006 356 1073 344 835
435 1028 1153 1123 451 1690
436 813 3357 2002 899 955
437 562 1404 103 337 469
438 5108 161594 63276 5147 1837
439 998 98607 8261 1099 1598
440 472 1404 555 1543 562
441 6133 6333 37785 2712 562
442 5147 5603 554 4735 10
443 1123 1940 73042 85401 7573
444 68952 1949 496 2176 3578
445 2193 562 546 1543 65665
446 5055 4787 2356 44301 53956
447 446 296 357 347 472
448 1940 998 2469 105211 4787
449 357 562 1404 1 10
450 6748 5603 39446 8880 5127
451 1083 1067 1069 809 65642
452 2884 1410 3471 256 6629
453 10 8261 33171 1810 2
454 1083 998 8338 3686 6357
455 347 2 1404 4469 296
456 6748 77201 1940 998 2469
457 998 2442 96863 1404 1094
458 1404 548 562 65665 1940
459 1083 1069 2855 63 98607
460 998 2131 1940 1083 1087
461 102686 6748 111624 44301 2442
462 1348 1543 2442 357 1826
463 1153 344 65665 6748 153
464 344 296 357 1083 1069
465 6760 44301 1094 937 820
466 2469 1255 347 1370 1135
467 1744 998 464 2894 103
468 4451 571 4292 52967 1201
469 2433 318 1208 2018 1096
470 5932 851 71650 73042 68838
471 554 553 571 32797 1153
472 6748 3241 3328 468 1744
473 451 153 5480 549 6748
474 1069 998 547 1073 1083
475 5108 89388 63062 102033 96150
476 562 1185 2356 1370 3957
477 6357 1258 1255 1153 2817
478 1069 5055 34271 8661 3264
479 6748 6760 451 8576 3264
480 102686 1646 1094 498 1812
481 6748 25744 886 111795 40723
482 1073 1962 1964 246 228
483 89203 549 1940 3394 8327
484 694 66198 414 451 1683
485 1201 1902 2410 2008 440
486 5703 96150 344 1810 2546
487 33171 417 1837 276 253
488 2356 56587 104241 8797 4914
489 2476 2131 1 32797 1104
490 71 414 193 664 360
491 344 1163 53 2855 2327
492 1465 281 416 441 122
493 130 1374 2347 320 2094
494 105211 4469 562 6333 1150
495 1837 547 1543 472 509
496 10 1243 1404 1543 1253
497 1185 767 246 1135 511
498 553 513 344 5470 300
499 1085 1069 99117 1722 1077
500 54331 34271 111384 941 40412
501 5603 4735 107649 8633 7822
502 1028 1073 998 1185 1348
503 1940 998 5108 2469 1094
504 1251 2114 1180 949 24
505 1169 1580 65665 1748 357
506 215 347 1094 1404 2855
507 1069 1028 998 414 178
508 2 562 1543 1683 344
509 6748 3665 1641 1145 1603
510 1135 1006 1021 1291 998
511 103 356 998 202 178
512 6244 1370 106144 48744 96911
513 1837 357 562 446 10
514 548 278 3820 153 585
515 34271 26684 105211 2839 4787
516 193 33171 562 429 694
517 10 344 1837 65665 1543
518 193 1690 172 103 10
519 1094 1083 96110 1088 2356
520 344 44301 562 2 548
521 1083 5147 1837 998 25744
522 6133 27022 3465 300 549
523 555 1370 998 102686 6748
524 2356 80166 6748 2793 5857
525 704 1153 98607 1981 5147
526 6885 4735 87975 5193 300
527 300 6748 548 65665 1163
528 1185 998 1083 5447 4334
529 1744 998 3992 600 1715
530 998 300 710 2 4015
531 5447 931 1153 111680 72641
532 3914 1940 215 1812 102686
533 1255 1083 1925 1073 2469
534 553 10 296 1385 412
535 357 65665 562 1404 704
536 446 10 344 621 510
537 881 1103 556 1006 296
538 344 2855 55 1135 10
539 1837 2094 1881 1104 30
540 3688 71438 48744 6335 3893
541 1163 2546 3684 2356 998
542 6748 2356 2855 3264 4735
543 89 1069 998 414 743
544 300 549 998 6124 4787
545 2120 1967 1292 608 352
546 5147 4469 2469 1073 1940
547 56949 2682 571 25744 5417
548 998 357 694 546 347
549 835 1086 1081 1099 1080
550 246 1153 998 65665 1744
551 215 337 472 438 153
552 562 296 1253 472 553
553 50802 2398 6977 6357 72641
554 347 548 1094 1837 1087
555 998 1069 1837 66198 472
556 10 357 2 347 1404
557 47491 19 1263 3300 1897
558 500 2176 1173 1078 3114
559 553 1690 1683 1940 694
560 347 2469 1153 296 998
561 6748 562 111624 102686 1348
562 1744 546 44301 111624 72641
563 3567 89388 233 6133 8983
564 1153 446 2788 1598 2906
565 998 337 133771 280 357
566 50802 105211 8338 4787 81562
567 945 1069 4469 2331 5147
568 704 344 562 2 193
569 65665 1094 1169 429 549
570 5055 549 2398 1153 300
571 2975 8225 51418 7620 4347
572 8327 41714 1744 1094 71438
573 547 1135 931 2469 1020
574 6357 1348 546 71438 2
575 998 571 10 589 555
576 998 1153 548 2469 4444
577 562 6885 673 1404 446
578 1094 81784 48744 6244 69526
579 133771 133545 4469 5147 709
580 1796 25744 32797 1594 107945
581 101076 4015 1254 571 1431
582 6748 300 1 1274 830
583 5108 2356 107945 8338 562
584 6748 8327 5447 451 549
585 1094 881 840 33750 56782
586 998 2546 65665 296 6333
587 48043 77455 26812 6615 3820
588 1837 446 562 1253 1243
589 193 314 19 553 562
590 19 546 1837 1404 33312
591 3545 938 830 941 552
592 296 1153 998 549 33171
593 19 549 1543 562 721
594 673 1135 998 1185 55
595 1135 1404 571 673 707
596 102686 330 547 2 193
597 344 2855 2008 824 1690
598 6133 553 6748 1940 8261
599 1083 5147 109191 1185 111795
600 553 3914 1 118880 26349
601 26684 6333 50802 5703 8338
602 998 357 1837 1404 1
603 1940 2316 1348 1837 549
604 215 2735 347 7882 3791
605 33836 2974 347 2735 1690
606 562 81784 2494 1086 1067
607 32797 111624 44301 3241 3545
608 3165 290 1979 1940 3476
609 1623 1094 346 562 2886
610 34271 4396 6790 1057 7093
611 553 6748 3914 344 141749
612 5147 6760 1370 5055 48744
613 1069 4735 6885 1083 1094
614 68838 2824 1069 998 1006
615 3567 998 6357 26684 1940
616 710 998 1083 89 71
617 1 553 1370 562 33312
618 3002 1054 2692 6730 36529
619 10 344 446 429 357
620 44301 111795 1083 111624 2398
621 300 1099 1690 33750 2546
622 5147 4735 5447 1083 1940
623 4469 6748 102686 549 72641
624 5108 32797 2995 27022 6748
625 5108 89203 6244 8661 50245
626 1069 153 1163 1185 1094
627 998 44301 6748 357 1073
628 25744 2678 7980 86347 4357
629 357 1543 320 1837 562
630 1442 82667 121113 4389 1081
631 246 1083 551 1135 1274
632 549 562 5480 6748 102686
633 555 553 1543 193 2
634 1086 1081 1099 1080 1258
635 1153 998 1285 3165 2356
636 998 1292 364 280 538
637 318 835 2793 1597 1086
638 98961 101076 1251 2470 2240
639 446 296 562 19 1
640 1069 998 66198 1094 112
641 296 414 553 694 130
642 1162 2880 1169 3624 1078
643 1083 8338 1086 8327 2155
644 998 53 2656 223 1837
645 6885 3784 3957 5223 2816
646 571 941 32797 998 98607
647 998 1077 3665 3114 1859
648 987 102686 6748 34271 6133
649 215 347 998 266 2
650 609 296 798 563 694
651 1083 1950 1185 1940 498
652 1163 553 451 6335 3916
653 99 546 451 8 2442
654 1744 172 8853 44301 3241
655 1404 1940 6748 2546 1812
656 1 32797 33750 102278 1094
657 296 546 10 103 193
658 549 931 1 11 1744
659 998 546 2 553 1404
660 5108 50245 118880 7995 6892
661 4469 2356 469 1837 1274
662 330 549 1543 1837 1
663 3790 89427 92496 31445 89388
664 6748 54190 1370 127206 50802
665 451 6133 2429 562 2469
666 296 357 562 347 1543
667 546 998 446 704 2
668 767 2883 998 1285 1099
669 1069 998 1370 2379 2356
670 1837 1370 1918 4754 998
